000100100011010001010110011110000000
000100000000000000000000000000000000
001000000000001101010000001000000001
000000000000010000110101000000100001
000100000000001000000001010010000000
000001110000000000010000001111000010
000101000000000000000011000000010100
100000000000011100000000000100000011
111100100001010000000000000001000000
000101001000000000000111000000000001
000000001100001000010100000000000000
010100000001010010000000000001110000
000000010000000111000010000101000000
000000000001000000010100000000010100
011100000000011010000000000000000000
000000000000000000010000000101000010
000000000000000000000111100000010100
000000001000010000000000100010000001
010010000000010000000000000010110000
001101010000010010000100000000001001
000000010100000000010000011100000000
101000000011011000000000110001000000
000100111000001101010000001000010001
000000000001000000011000001000000000
000000000000110000000001010010000000
000001010000000010111000001101010000
001000010001000000000001000000010100
001000010100001000000000110010000011
110000000000101000110000000011010000
001101010000010010000100000000001101
100000110101000000100101000100000000
000100000001010000100000000000000000
000011101000001111000000000010000011
000000001111000000010100000000010100
011100000000111110000011011000000100
101001000000000100000000001101010000
001000010001000000000001000000010100
001000000000000000000001000100001001
010010000000000000110000000100011000
000111001000000000000011000000001100
100000111100000000001010010100000001
001010001001010010000000000000110000
000100110000000111001000000000000011
000000001110100000111100000000001000
010100000001010000001001010010000000
000000110000000101001000000111001000
000000000011000000001100100000111100
000000001010011000000001010110000011
110000000000101000110000000101100000
001101010000001000010001000000010110
100000010100100000000000000000000001
011100000011010100000010000100010000
000000010000001111000000000101000010
000000011000000000110101000000100001
000100000001100010001001010010000000
000000100000000110010000000111001000
000000000011000000011001100000111100
000000100001100000000000000100000000
000000000000000000000000000110101000
000101000100000000000111000000011011
100000010100001000000000000000000000
111000000001010010000000000001010000
000000001010000101000000000000001000
000000011100100000010100010000000000
011100000001110100000001010000100000
000000000000000000001001000101000000
000000001000000000011110000000110110
000001001000010000000001111010000001
010010000000001000000000000111110000
000101000100000000000111000000011111
100000010100001000000000000000000000
000010010011111100000000000010000000
001000001000001101010000001000010001
000000000001000000000000000000000000
000000000010000110001001010010000000
000000110000001000100000000111001000
000000000011000000100010100000111100
000000001010011000000010001100000011
010101000000000000010000001000111000
000101000000001000010000000000100100
000000110101000000100001000100000010
010010001001010010000000000000110000
001001010000000111001000000000000011
000000100101100000110101000000100001
000100000010011000000011111100100000
000001000000001001101000001101010010
000010000111000000100111000000110101
000000100001000100000010011110001001
010010000000000000110000001010000000
000111001000000000000011000000101000
100000111101000000010100010000000010
100100000001010000000100100000000000
001010011000000101000000000101001000
000000101010000000110101000001001000
010000000010101010000001010000000001
010001010000001010110000001101010000
001000010001000000000001000000010100
000010000000011100000000011000000011
011000000100101001000000001011010000
000000000000000000000000000000000101
100000110101000001001000010000000010
110110000001010000001000101000000000
001011100000001101010000000010000101
000000101110100000010100000000100011
000000000010111100000001010000000000
100001000000001100001000000101000000
100000000000000000000111000000110110
000000001010010000000000000110000011
011000000100101001000000000000010000
000101000000000101000111000000110001
100000111100010000000000100000000011
001010000011110000000000100010000000
000000101000001101100000010010100100
000000110011000000010001110000000000
000000000011001110000011110011000000
000010000000001101000000001111001100
000000001000000000110100100000111100
110000000000100000000011010100000011
110111000000000010000000001101011000
001111001100000000001000000000110110
000000111101000000010100100000000011
011010000001000111000000000000000000
001101110000001111001100000000001000
000000110111100000111101110000000000
100000000011100000000011110011000000
000010000000001110001000001111001100
000000001000000000111001000000111101
110000000000100000000011100110000011
110000000001010010000000001110100000
000000000000000000000000000000111010
100000111100000000010100100000000011
101100000001000111000000000000000000
001110111000001111001100000000001000
000000111100000000111100110000000000
100000000011110010000011110111000000
000010000000001111010000001111011100
000000001000000000111101100000111101
110000000000100000000011111000000011
110100000001010010000000001111101000
000100011100000000000000000000111111
100000111100110000000000100000000000
001110000011011000000100101001000000
010000000000001111011100000000001000
000001000000100000111100110000000000
100000000100000100000011110011000000
000010000000010000011000001111011100
000000001000000001000010100000111100
000000010100100000000001010100000001
010010000000000001010000011111111000
000000000000000000000000000001000011
100000111100010000000000100000000100
010000000011110000000000100010000000
010001001000000101000000000101000111
000001000101000000000000000000000000
000000000100010110000011011000000100
101001000000010001100000000000000000
000000000000000000000001000000010100
001000000000000000000100011100000011
110001000000000010000000010001111000
001111000000000010101000000001001000
000000110101000001001000010000000000
000100000001010000100000010000000000
011111110000000000000000000000000000
000001111111000000000000000000000000
000000000111111100000000000000000000
000000000000011111110000000000000000
000000000000000001111111000000000000
000000000000000000000111111100000000
000000000000000000000000011111110000
000000000000000000000000000001111111
000000000000000000000000000000000001
110000000011011000000100101001000000
011111110000000000000000000000000000
000000011010000000110110000001001010
010000000111111100000000000000000000
000000000000011111110000000000000000
000000000000000001111111000000000000
000000000000000000000001110110000011
011000000100101001000000011111110000
000000000000000000000000000001111111
000000000000000000000000000000000111
111100000000000000000000000000000000
011111110000000000000000000000000000
000001111111000000000000000000000000
000000000111111100000000000000000000
000000000000011111110000000000000000
000000000000000000010111100000110110
010000000000000100000111111100000000
000000000000000000000000011111110000
000000000000000000000000000001111111
000000000000000000000000000000000111
111100000000000000000000000000000000
001011000000000101000000010010100101
000001111111000000000000000000000000
000000000111111100000000000000000000
000000000000011111110000000000000000
000000000000000000000100100000110110
000001001010010000000111111100000000
000000000000000000000000011111110000
000000000000000000000000000001111111
000000000000000000000000000000000111
111100000000000000000000000000000000
011111110000000000000000000000000000
000000100001000000110101000000100001
000100000111111100000000000000000000
000000000000011111110000000000000000
000000000000000001111111000000000000
000000000000000000000111111100000000
000000000000000000000000011111110000
000000000000000000000000000001111111
000000000000000000000000000000000111
111100000000000000000000000000000000
011111110000000000000000000000000000
000001111111000000000000000000000000
000000000111111100000000000000000000
000000000000011111110000000000000000
000000000000000001111111000000000000
000000000000000000000111111100000000
000000000000000000000000100000000100
001101010000001000010001000001111111
000000000000000000000000000000000111
111100000000000000000000000000000000
011111110000000000000000000000000000
000001111111000000000000000000000000
000000000111111100000000000000000000
000000000000011111110000000000000000
000000000000000001111111000000000000
000000000000000000000111111100000000
000000000000000000000000011111110000
000000000000000000000000000001111111
000000000000000000000000000000000111
111100000000000000000000000000000000
011111110000000000000000000000000000
000001111111000000000000000000000000
000000000111111100000000000000000000
000000000000011111110000000000000000
000000000000000001111111000000000000
000000000000000000000111111100000000
000000000000000000000000011111110000
000000000000000000000000000001111111
000000000000000000000000000000000111
111100000000000000000000000000000000
011111110000000000000000000000000000
000001111111000000000000000000000000
000000000111111100000000000000000000
000000000000011111110000000000000000
000000000000000001111111000000000000
000000000000000000000111111100000000
000000000000000000000000011111110000
000000000000000000000000000001111111
000000000000000000000000000000000111
111100000000000000000000000000000000
011111110000000000000000000000000000
000001111111000000000000000000000000
000000000111111100000000000000000000
000000000000011111110000000000000000
000000000000000001111111000000000000
000000000000000000000111111100000000
000000000000000000000000011111110000
000000000000000000000000000001111111
000000000000000000000000000000000111
111100000000000000000000000000000000
011111110000000000000000000000000000
000001111111000000000000000000000000
000000000111111100000000000000000000
000000000000011111110000000000000000
000000000000000001111111000000000000
000000000000000000000111111100000000
000000000000000000000000011111110000
000000000000000000000000000001111111
000000000000000000000000000000000111
111100000000000000000000000000000000
011111110000000000000000000000000000
000001111111000000000000000000000000
000000000111111100000000000000000000
000000000000011111110000000000000000
000000000000000001111111000000000000
000000000000000000000111111100000000
000000000000000000000000011111110000
000000000000000000000000000001111111
000000000000000000000000000000000100
011010000001001011000000000000000000
010000110000000100101100000000000000
000000110001000000010010110000000000
000000000111111110000000000000000000
000000000000011111110000000000000000
000000000000000000010111100000110110
010000000001000100000111111100000000
000000000000000000000000011111110000
000000000000000000000000000001111111
000000000000000000000000000000000111
111100000000000000000000000000000000
011111110000000000000000000000000000
000001111111000000000000000000000000
000000000111111100000000000000000000
000000000000011111110000000000000000
000000000000000001111111000000000000
000000000000000000000111111100000000
000000000000000000000000011111110000
000000000000000000000000000001111111
000000000000000000000000000000000111
111100000000000000000000000000000000
011111110000000000000000000000000000
000001111111000000000000000000000000
000000000111111100000000000000000000
000000000000011111110000000000000000
000000000000000001111111000000000000
000000000000000000000111111100000000
000000000000000000000000000100001000
001101010000001000010001000001111111
000000000000000000000000000000000111
111100000000000000000000000000000000
011111110000000000000000000000000000
000001111111000000000000000000000000
000000000111111100000000000000000000
000000000000011111110000000000000000
000000000000000001111111000000000000
000000000000000000000111111100000000
000000000000000000000000011111110000
000000000000000000000000000001111111
000000000000000000000000000000000111
111100000000000000000000000000000000
011111110000000000000000000000000000
000001111111000000000000000000000000
000000000111111100000000000000000000
000000000000011111110000000000000000
000000000000000001111111000000000000
000000000000000000000111111100000000
000000000000000000000000011111110000
000000000000000000000000000001111111
000000000000000000000000000000000111
111100000000000000000000000000000000
011111110000000000000000000000000000
000001111111000000000000000000000000
000000000111111100000000000000000000
000000000000011111110000000000000000
000000000000000001111111000000000000
000000000000000000000111111100000000
000000000000000000000000011111110000
000000000000000000000000000001111111
000000000000000000000000000000000111
111100000000000000000000000000000000
011111110000000000000000000000000000
000001111111000000000000000000000000
000000000111111100000000000000000000
000000000000000100100000001101010000
001000010001000001111111000000000000
000000000000000000000111111100000000
000000000000000000000000011111110000
000000000000000000000000000001111111
000000000000000000000000000000000111
111100000000000000000000000000000000
011111110000000000000000000000000000
000001111111000000000000000000000000
000000000111111100000000000000000000
000000000000011111110000000000000000
000000000000000001111111000000000000
000000000000000000000111111100000000
000000000000000000000000011111110000
000000000000000000000000000001111111
000000000000000000000000000000000111
111100000000000000000000000000000000
011111110000000000000000000000000000
000001111111000000000000000000000000
000000000111111100000000000000000000
000000000000011111110000000000000000
000000000000000001111111000000000000
000000000000000000000111111100000000
000000000000000000000000011111110000
000000000000000000000000000001111111
000000000000000000000000000000000111
111100000000000000000000000000000000
011111110000000000000000000000000000
000001111111000000000000000000000000
000000000111111100000000000000000000
000000000000011111110000000000000000
000000000000000001111111000000000000
000000000000000000000111111100000000
000000000000000000000000011111110000
000000000000000000000000000001111111
000000000000000000000000000000000111
111100000000000000000000000000000000
011111110000000000000000000000000000
000001111111000000000000000000000000
000000000111111100000000000000000000
000000000000011111110000000000000000
000000000000000001111111000000000000
000000000000000000000111111100000000
000000000000000000000000011111110000
000000000000000000000000000001111111
000000000000000000000000000000000111
111100000000000000000000000000000000
011111110000000000000000000000000000
000001111111000000000000000000000000
000000000111111100000000000000000000
000000000000011111110000000000000000
000000000000000001111111000000000000
000000000000000000000111111100000000
000000000000000000000000011111110000
000000000000000000000000000001111111
000000000000000000000000000000000111
111100000000000000000000000000000000
011111110000000000000000000000000000
000001111111000000000000000000000000
000000000111111100000000000000000000
000000000000011111110000000000000000
000000000000000001111111000000000000
000000000000000000000111111100000000
000000000000000000000000011111110000
000000000000000000000000000001111111
000000000000000000000000000000000111
111100000000000000000000000000000000
011111110000000000000000000000000000
000001111111000000000000000000000000
000000000111111100000000000000000000
000000000000011111110000000000000000
000000000000000001111111000000000000
000000000000000000000111111100000000
000000000000000000000000011111110000
000000000000000000000000000001111111
000000000000000000000000000000000111
111100000000000000000000000000000000
011111110000000000000000000000000000
000001111111000000000000000000000000
000000000111111100000000000000000000
000000000000011111110000000000000000
000000000000000001111111000000000000
000000000000000000000111111100000000
000000000000000000000000011111110000
000000000000000000000000000001111111
000000000000000000000000000000000111
111100000000000000000000000000000000
011111110000000000000000000000000000
000001111111000000000000000000000000
000000000111111100000000000000000000
000000000000011111110000000000000000
000000000000000001111111000000000000
000000000000000000000111111100000000
000000000000000000000000011111110000
000000000000000000000000000001111111
000000000000000000000000000000000111
111100000000000000000000000000000000
011111110000000000000000000000000000
000001111111000000000000000000000000
000000000111111100000000000000000000
000000000000011111110000000000000000
000000000000000001111111000000000000
000000000000000000000111111100000000
000000000000000000000000011111110000
000000000000000000000000000001111111
000000000000000000000000000000000111
111100000000000000000000000000000000
011111110000000000000000000000000000
000001111111000000000000000000000000
000000000111111100000000000000000000
000000000000011111110000000000000000
000000000000000001111111000000000000
000000000000000000000111111100000000
000000000000000000000000011111110000
000000000000000000000000000001111111
000000000000000000000000000000000111
111100000000000000000000000000000000
011111110000000000000000000000000000
000001111111000000000000000000000000
000000000111111100000000000000000000
000000000000011111110000000000000000
000000000000000001111111000000000000
000000000000000000000111111100000000
000000000000000000000000011111110000
000000000000000000000000000001111111
000000000000000000000000000000000111
111100000000000000000000000000000000
011111110000000000000000000000000000
000001111111000000000000000000000000
000000000111111100000000000000000000
000000000000011111110000000000000000
000000000000000001111111000000000000
000000000000000000000111111100000000
000000000000000000000000011111110000
000000000000000000000000000001111111
000000000000000000000000000000000111
111100000000000000000000000000000000
011111110000000000000000000000000000
000001111111000000000000000000000000
000000000111111100000000000000000000
000000000000011111110000000000000000
000000000000000001111111000000000000
000000000000000000000111111100000000
000000000000000000000000011111110000
000000000000000000000000000001111111
000000000000000000000000000000000111
111100000000000000000000000000000000
011111110000000000000000000000000000
000001111111000000000000000000000000
000000000111111100000000000000000000
000000000000011111110000000000000000
000000000000000001111111000000000000
000000000000000000000111111100000000
000000000000000000000000011111110000
000000000000000000000000000001111111
000000000000000000000000000000000111
111100000000000000000000000000000000
011111110000000000000000000000000000
000001111111000000000000000000000000
000000000111111100000000000000000000
000000000000011111110000000000000000
000000000000000001111111000000000000
000000000000000000000111111100000000
000000000000000000000000011111110000
000000000000000000000000000001111111
000000000000000000000000000000000111
111100000000000000000000000000000000
